960477 2078235 2077856 2077660 1139776 2079859 2079547 2133262 516357 245830
364209 2133964 2078087 1125193 283583 2077663 2079712 2079807 2077787 879555
74408 2079754 2079732 2078173 516808 2077675 1096162 2134116 682475 2077731
2079781 2078143 2077664 2133783 2079811 2077769 304881 460795 968930 1032491
2134167 915512 2078060 2077668 51878 2079861 2077664 498907 2079757 1263376
471937 2079804 53856 2077667 2077992 845142 2078253 2133398 1240445 2079856
2077638 2077674 241101 1219142 2079640 496861 2133866 2078248 2079795 745310
2133824 2078243 597844 690403 2079752 1129953 2077672 2079713 2077889 287732
2079494 86172 1145363 2077761 2132833 359994 2078164 2079767 2077665 794754
2079464 132724 2133119 493560 2077789 2078127 2079836 777811 1151304 2077674
914575 2079760 637900 2079716 2077677 2133652 2077695 2078156 1291674 243867
2134015 363889 2077664 2079392 210394 2079823 1052584 921893 2078280 2077971
748654 1012405 511572 2079456 2079827 2077659 2133186 288533 2077659 2078278
2079857 2132910 1233829 759726 439206 2079843 2077660 2077672 48128 2078074
2078189 280719 1326474 2077973 969405 2077661 2133614 2079799 2079761 646349
351094 2078248 1321876 2079784 2077670 2077898 2079861 2133407 771469 107719
2079511 969039 644627 2077673 1009337 2078126 2079797 2077706 2133114 108473
906081 1020784 2078029 67600 2078240 342256 2133993 2079732 2077673 2079509
2077666 2132904 2079813 521325 1104470 2079596 281067 2078128 2078012 691003
704302 362581 2079377 2079793 127834 2078115 2133836 1055586 2077740 2077675
1112715 2134151 2079772 376741 173145 861880 2077669 2078007 2078173 2079586
812279 2077659 334434 2133742 2078180 321654 2079730 1150315 2079846 2077639
1249616 2079839 89127 2079586 662670 2077665 2078047 2077747 440609 2133421
856098 2133484 2077673 2079385 1230152 382109 2078059 2079731 2077866 30899
50519 632623 2079803 2133017 2077666 1051545 2078183 819996 2077726 2079863
933177 350121 3977 2133109 1299474 2079781 2078022 2078096 2079518 2077662
2077667 676298 560718 325541 2079841 2077975 2133038 2078137 2079436 1103271
2079822 2077947 2077669 572129 2078234 9901 2079738 2133689 1071490 740194
2078087 897826 551785 2079760 2079712 194483 2077668 2077996 2133205 1198885
2077668 680304 452961 1241120 3865 2079853 2078230 2133194 2077665 2079685
16711 2078206 2079695 2079747 361664 2077932 1036013 926892 2133389 2077676
694852 381356 2077676 2079790 1188761 2134217 240758 2077676 2079862 2078173
2078266 2077672 116450 442473 2079760 2079737 2077849 2133728 1198861 661793
533264 2078048 2077772 1171618 953434 2133379 97270 2079866 2079713 2077660
2077672 1293359 776250 2077665 2079843 2078134 2079768 2134202 30789 612638
2079429 2133678 2077935 666874 2078165 91141 2077666 1329967 392923 2079726
2133006 1022340 2077998 2079784 2079824 2077671 2078269 174546 949405 645157
2079644 2133061 1017744 2077675 2077830 2078232 557382 947469 211456 2079796
2077943 2078186 2077659 2079623 2079784 154749 884073 2132951 421256 999041
180451 2078126 1141549 2077704 2079780 2133652 557058 2077669 951044 2079845
2079621 2079828 725446 2132937 239982 2077676 1296801 404239 2078251 2077903
2077973 666311 396221 2077667 2079643 2079847 2133812 79093 2078090 1044806
2077787 2079696 1156898 2134032 2079793 820547 2078157 638282 304650 2077669
2079783 150251 2134042 556516 2078234 2077666 663140 1280001 2079769 2077740
1004094 33480 2079854 457547 2077798 2077672 2079405 2078225 893780 2132888
1217648 97761 2134230 691027 2077673 2079776 2079713 2078195 2077847 557312
308807 694875 2079856 2077775 2079760 2077676 2133371 999486 546138 2078146
2079783 2078126 2133469 2077659 886964 629367 158713 2077898 1142765 2079855
2078084 943405 1059439 273143 2079762 2077805 2079826 2077660 407293 2134067
1053266 2078028 304384 600342 2079830 2079572 797410 2078138 2077670 2133138
2077834 533112 2079767 2078253 2133808 1303578 2077672 53122 901341 2079818
1273953 2077667 869296 2133742 2079747 2077707 2079429 2078069 377658 312003
2078258 2132803 737918 1253150 2077811 436092 2079831 205985 2079741 2077675
2077671 381733 807909 1155499 2133203 2079833 2077847 2079768 17651 2078257
658464 164663 2133685 2077860 1015945 2077677 2078170 2079573 957364 2079789
651099 123855 2078091 2079738 1271505 933855 2133818 2077660 2079630 2077975
357021 2132868 34679 2079859 2078156 1098594 923757 2079775 2077720 2077662
2078211 1217498 2077671 2134059 954349 2079746 374397 2077680 2079539 227160
724310 2079506 2134092 2078247 450963 2077664 2079845 1256781 2078016 159493
2079381 690258 1200333 2079745 2133951 219188 648621 2078081 2077902 2077661
381316 2078178 933252 2077670 2077961 2079763 2133928 1303226 34007 2079422
2077755 1113031 249073 2077669 2079419 2079809 885934 2078077 2133686 537983
2079659 1005993 2133610 592891 973949 2077957 2077671 2079784 2078127 282031
1130779 2077673 2077986 98439 2079746 2079602 2078255 401510 744291 2133260
94162 2078060 2079806 2077669 2077959 2079723 1168202 2132986 619305 864093
2077980 777372 2079833 2077659 1163200 2078269 2079444 639923 36188 2133590
2079511 2077694 833123 355085 281080 2077668 1084748 2134083 2078253 2079779
2077675 2078218 2077927 574726 713788 2134238 86139 2079506 1152340 2079748
2077698 2079704 147766 2079844 2077672 765874 2078123 1056094 2133494 440558
2078180 107632 542043 2077677 2079755 1225943 2134000 2079482 2077890 775568
2079769 840137 2133081 341401 2077702 2079595 31480 1101300 2077671 2078204
2133833 184744 2077841 2077660 427672 795130 2079753 1278085 2078057 2079637
2077668 613200 2077861 2078089 198674 2133939 2079709 774980 1023542 2079842
2077665 2079801 2134103 2078274 760136 2079868 112420 642728 1077216 2077908
2078236 347242 883219 2079614 2079757 2077676 2077681 994901 84719 2133302
2133272 2077803 397211 2078056 10001 1219583 779131 2079826 2077664 2079530
157904 434331 2077668 1198807 2079812 2134173 2077676 2079740 2078072 814276
500426 321487 2077890 697302 2077663 2078081 2079418 2133446 2079796 1278939
2079799 2079834 985335 2078096 441253 93374 2133594 2077666 2078028 1002127
2077643 564271 2132965 2078202 261697 2079735 1132502 2079434 2077671 983471
2079806 616071 80292 2079732 2077776 2077673 2133619 1025975 2078101 756008
366348 2079509 185126 2079788 2078209 939705 1204755 2077705 2077673 2132913
2134018 2079846 2079608 280316 625741 2078174 776427 1231435 2077758 2077673
2079622 1146295 2077662 2134123 913785 345630 2078138 216193 2079786 2077831
2133258 2078214 1013665 2077971 454714 2079739 2079381 841678 2077672 313664
846312 658464 2077989 2133488 1016934 2079502 2079777 313909 2078141 2077675
910570 2079867 2077670 494518 2133847 2078263 1063687 2077914 2079733 195730
2079536 2077665 2078084 2077875 2133007 1120047 70324 2079764 836486 439752
626811 921687 2079844 2079807 2077985 269746 2133959 1069897 2077661 2078102
2078168 321322 2077663 608308 2079444 854942 2077989 2079777 1146322 2133798
750408 223669 2077662 2079464 1180259 2079823 2132885 2078058 602396 2077912
2077671 2079847 570473 1061739 2077847 2079739 670236 304087 2134125 2078122
2077729 2077676 2079732 1242500 307431 2133454 939981 632284 2079595 2078166
2078071 2079801 369684 2077673 2079393 53686 745482 2134292 2077645 1260348
283501 2078215 1107275 334652 2077659 2079821 2077869 880799 2132812 2079528
2079744 2077669 2077908 2078280 2133727 2079375 608949 1222014 43290 731970
2079851 663876 55909 346232 2132867 2077921 2077662 1222650 2078143 2079750
739187 2132925 249617 1029604 2079841 2079812 2077987 649443 2078251 2077673
871753 2077862 1146598 2078075 635266 2077675 2079726 2079765 139583 2132890
2079609 2077997 2078229 2134071 1247123 727900 128354 2079791 376800 2077674
2079743 2134287 380219 2079679 2078076 23553 1164676 762577 2077685 2077660
719724 2079804 378002 2079637 2133864 94240 1043761 2077665 2077826 2078171
1279305 2077757 2077674 2078248 2134223 719704 579472 2079787 223893 2079517
2077674 896085 2133505 61669 2079630 420998 2078049 1275095 2077979 2079850
2077663 358163 931255 2133100 2079852 1313232 136848 2078204 2077831 2079535
325890 2079736 2077976 2078089 987955 1281224 2133638 452880 2079732 2077672
2132837 2079749 866360 2078156 2077678 1026381 258386 2077662 429891 2079842
420564 2077662 190174 2077798 2078202 2079860 1304439 2133112 2079801 857956
2133299 2078051 688091 2079607 2079825 522179 50209 1206354 2077661 2077904
2079504 2077666 2079728 2077674 2134265 554967 2078264 1107208 11038 937151
454093 2077674 2078066 2079798 924369 2079802 2134127 205650 2077730 1058719
2079431 1312961 2078068 549058 2077670 2077791 2079829 2133975 669494 258608
2079753 1144602 494793 2079770 977036 2077935 2133069 2077665 2078067 16554
722363 2077667 2079804 2133655 2077857 2078216 2079574 448850 1099386 96531
270340 345185 2078123 2079705 825767 1136139 2077940 2079851 2077671 2133245
75305 2078137 1121807 2079828 2077661 408682 2079841 687290 2077783 2133540
142435 1151999 2078056 2079538 2133050 2077676 2077647 2079795 666833 589078
2078118 2077664 2079851 2079634 1330594 2078018 727273 318280 2133967 648189
209120 2078073 2079795 1190582 891694 2077674 2079765 2077713 2133275 556075
444444 2079867 198053 2133327 2079842 803796 1081341 2077677 2077792 2078244
2077677 2077811 1306706 2079730 238219 2078066 2079545 337320 2133890 725873
2077663 2133530 2079790 1241344 667783 2077692 2078202 237201 569235 2079756
731885 2078010 114172 2077669 2078270 2079754 1297220 525538 2079864 2133321
1218339 602752 2079548 2133739 866053 2078206 2077862 2077675 154135 2079833
66920 1249734 2079694 2134186 905771 2077782 474061 2078059 2079759 2077669
44866 2079457 2133579 910618 392532 2079823 2078222 2077776 1064050 2077662
364964 2134161 86197 2079539 2078088 2077788 2077659 2079757 1042298 674805
568163 685735 257723 2133688 2077677 2078138 2079815 2078001 2079770 1252297
2133117 641 2077720 2079783 850001 1057523 2079737 2077674 647057 2078133
2077672 1188812 2132914 2079823 249107 2077790 858236 2078055 2079609 411158
2078114 558633 2077668 2079466 2077697 2079759 2133623 983411 1189824 179586
219017 977318 425597 1104411 2079743 2133461 2079709 2077706 2078209 2077673
2079849 2077855 703924 244473 2079573 2078114 654345 2134217 2077663 1204235
2078270 2079859 1189481 2077716 61826 454405 2133509 2077666 2079820 923465
111687 1090385 401530 2078189 2133262 2077666 2079519 2079847 2077875 670420
2079854 2079789 2133623 2078237 2077814 272658 855084 380938 2077664 1303196
871556 1209869 2079730 2079861 2078057 537440 2078024 4341 2077676 2132946
705149 2079784 2077667 1016014 2077798 2079803 444296 2078132 2133585 63317
547866 2079743 194822 2078113 718547 2077672 2077966 2079863 1001669 2133889
2077676 432270 2079733 266666 2079446 2132818 2078131 2078004 966327 1098649
436451 2077667 1160564 2079839 2134232 2079859 952290 2078074 2077992 142831
2078099 2134151 771048 2079815 2077671 644699 174400 1321639 2079726 2077663
329618 607442 1046711 2078127 754546 2079420 2134156 2077902 2079810 2077677
688627 115636 1156587 2079665 2077704 2079868 2077676 2132829 2078272 606571
2077676 1181132 638307 959061 171041 2078216 2077753 2133481 2079860 2079863
1261143 2133286 648404 290184 2077666 2077963 892349 2079755 2079469 2078141
2079864 2077674 2077868 859673 22504 2079476 657744 2133458 1176135 2078150
712592 2079432 2078207 651703 203722 1059293 2077663 2134193 2077713 2079767
1137647 2079865 319303 2077660 2133838 2078269 378884 2079379 794775 2077860
436737 949309 288727 2077662 2132850 2079787 1218599 2078250 2077674 2079571
2077673 173522 2133941 622117 2078076 2077950 2079772 743646 2079651 1332586
2079855 2078109 2077671 2079801 548188 2077782 1003752 891553 2133598 30539
1028683 2133496 2079867 2078156 2077761 2077674 525632 2079663 123439 692122
2077668 2132881 1331363 253439 901087 2078112 2079779 535363 2077641 2079755
2077915 633315 2077669 2079533 91762 2079782 662776 1053428 2134008 2078077
2077671 399652 1213208 759913 2079768 2079454 2078224 2133500 297915 2077774
2078265 264697 473135 903061 2079836 2079688 2133166 2077748 1191852 2077664
2079790 1129928 579018 2133557 2077671 291302 746038 2077900 2079408 2078105
2133839 2079568 2078239 1089236 646893 2077942 2079797 163138 2077664 853846
2079844 2077675 2077891 2079493 414638 332866 2133641 739455 1100872 2078202
738664 1280575 2078093 2079748 2079750 2134168 2077729 564966 2077669 160298
809350 2079831 1265086 2079743 2077660 2077660 2078208 2133851 420138 242090
2078053 2133941 758391 1109624 174065 516099 2079457 2077673 2077800 2079854
994093 2077910 2079861 2077660 2078127 424060 762310 2079768 2133059 322349
758499 2079777 5625 2133831 2077897 2078162 2079462 402979 2077676 1195604
2078191 2077667 972965 582035 2079821 1098063 2133493 2077875 157469 2079590
2133874 2078055 1079168 2077736 2077670 896985 296 571329 2079868 2079539
962191 2134264 38212 2077963 2077660 1140007 2079424 2079739 2078144 511261
99393 509632 2134074 2078111 2079806 993183 2079375 2077662 875179 2077750
2077665 1031436 2079845 2079808 265753 2077811 2133021 2078180 341350 929541
2079771 2077706 115732 2077664 1122174 2079772 2078170 498193 717919 2133858
2079435 2079805 2077660 897634 41200 2077953 2133789 1097240 345304 2078051
1225568 2134116 78679 2079579 2079761 816845 2077832 2077675 422648 2078122
2077660 1293943 548582 128299 2079432 2078066 2134113 2077883 2079834 892686
551559 2134160 2078064 2079733 2079844 2077670 1167227 296012 950921 2077877
2077870 2077677 2133753 33263 1228146 2079617 2079815 593043 2078244 738521
2079840 67135 2079852 2077664 2078011 522907 1139538 2133023 2078172 962750
1163442 2078175 893763 2079625 459615 138738 2133405 2077857 2077665 2079796
733603 2078200 999376 2133202 2079841 518424 2077665 298844 2079818 2077676
811197 2079501 2077987 2133215 1168112 186652 2079839 2077674 2078188 393563
2079820 2078091 223920 2133954 541420 1102097 2077806 2077673 698335 2079831
2078171 2133577 851560 604329 2077672 2079828 260075 1310228 2079631 2077722
1262473 788280 2134065 2079753 318461 2079715 418567 2078169 2077663 2077769
2079761 2077673 2132924 2077887 391048 945522 288196 2079468 2078130 1258723
2077660 1163655 578420 2079854 950556 2079726 2077809 2133750 2078206 234088
2079829 2077908 2079605 1032797 631691 2077673 939346 2078164 2133658 20069
2133360 2078276 2079811 2077667 506347 2079644 2077683 837410 1282921 117188
2079831 2079403 931808 2078222 2077966 1132370 420411 2133045 2077664 254903
